0 0.93125 0.90546875 0.0859375 0.12890625
0 0.653125 0.70703125 0.0578125 0.09921875
0 0.9765625 0.83203125 0.046875 0.1203125
0 0.5453125 0.66328125 0.04609375 0.084375
0 0.01796875 0.78359375 0.03203125 0.08984375
0 0.125 0.75546875 0.0421875 0.08671875
0 0.2203125 0.759375 0.04375 0.071875
0 0.22109375 0.05078125 0.034375 0.0421875
0 0.28671875 0.28515625 0.034375 0.05390625
0 0.42109375 0.67421875 0.0421875 0.06328125
0 0.59921875 0.815625 0.05390625 0.10546875
0 0.49375 0.803125 0.05234375 0.09921875
0 0.4390625 0.8140625 0.05 0.09609375
0 0.42890625 0.7734375 0.04609375 0.08671875
0 0.34921875 0.75390625 0.03828125 0.06640625
0 0.50703125 0.55390625 0.0421875 0.05078125
0 0.4671875 0.51484375 0.0296875 0.05703125
0 0.38984375 0.53125 0.03984375 0.06640625
0 0.4390625 0.4203125 0.0296875 0.06640625
0 0.39609375 0.44765625 0.028125 0.05390625
0 0.79609375 0.82109375 0.06015625 0.06875