0 0.44296875 0.4296875 0.06171875 0.1203125
0 0.93203125 0.55390625 0.06796875 0.09921875
0 0.14296875 0.43125 0.04609375 0.075
0 0.55703125 0.43671875 0.0578125 0.08125
0 0.75703125 0.4546875 0.0296875 0.05078125
0 0.72890625 0.39375 0.021875 0.0359375
0 0.31796875 0.39765625 0.05234375 0.075
0 0.265625 0.4625 0.04375 0.084375
0 0.41015625 0.43359375 0.028125 0.06328125
0 0.61015625 0.415625 0.03203125 0.05078125
0 0.38515625 0.3828125 0.021875 0.0453125
0 0.5078125 0.39375 0.02421875 0.0296875
0 0.08125 0.43359375 0.05 0.09921875
0 0.62421875 0.44921875 0.04375 0.08125
0 0.496875 0.4296875 0.0296875 0.05390625
0 0.79765625 0.39609375 0.015625 0.0296875
0 0.66484375 0.37109375 0.01796875 0.0390625
0 0.6328125 0.32265625 0.021875 0.0390625