0 0.14375 0.6140625 0.1640625 0.3453125
0 0.24375 0.4734375 0.1 0.23515625
0 0.4171875 0.5125 0.0578125 0.14921875
0 0.39921875 0.42734375 0.0421875 0.078125
0 0.45390625 0.41796875 0.05234375 0.1171875
0 0.56171875 0.42890625 0.06015625 0.14609375
0 0.64296875 0.80546875 0.2640625 0.3890625
0 0.7421875 0.54609375 0.1 0.18828125
0 0.8203125 0.4625 0.0921875 0.18515625
0 0.96875 0.59609375 0.06171875 0.32421875
0 0.71484375 0.37578125 0.0578125 0.14609375
0 0.6109375 0.46953125 0.10234375 0.1421875
0 0.6109375 0.640625 0.1703125 0.24921875
0 0.67265625 0.48046875 0.0578125 0.1421875
0 0.6421875 0.37734375 0.06796875 0.0921875