0 0.18828125 0.45234375 0.05234375 0.09296875
0 0.125 0.4734375 0.03828125 0.06640625
0 0.32578125 0.475 0.0640625 0.10703125
0 0.3703125 0.43984375 0.05234375 0.08515625
0 0.48203125 0.46171875 0.03984375 0.06953125
0 0.525 0.45703125 0.04609375 0.0828125
0 0.5671875 0.44375 0.03828125 0.06640625
0 0.61171875 0.43984375 0.0640625 0.1015625
0 0.7328125 0.4296875 0.0703125 0.10703125
0 0.778125 0.44296875 0.03984375 0.06953125
0 0.84609375 0.4359375 0.0359375 0.071875
0 0.88671875 0.425 0.04609375 0.08828125
0 0.95078125 0.43203125 0.06171875 0.09609375
0 0.98984375 0.4265625 0.0203125 0.06953125