0 0.1125 0.3453125 0.0640625 0.1296875
0 0.359375 0.30859375 0.0578125 0.11015625
0 0.65078125 0.2796875 0.0484375 0.10703125
0 0.43984375 0.26171875 0.0546875 0.11015625
0 0.02734375 0.253125 0.05078125 0.16640625
0 0.21875 0.31328125 0.05078125 0.1
0 0.1671875 0.328125 0.04140625 0.08359375
0 0.875 0.3296875 0.046875 0.1
0 0.98046875 0.278125 0.0390625 0.14296875
0 0.95859375 0.246875 0.03359375 0.0734375
0 0.4734375 0.29296875 0.0359375 0.0796875
0 0.0421875 0.33359375 0.04296875 0.1
0 0.87890625 0.28203125 0.0359375 0.0765625