0 0.115625 0.3234375 0.05625 0.10703125
0 0.2109375 0.3078125 0.0578125 0.10703125
0 0.3296875 0.2328125 0.04765625 0.090625
0 0.4109375 0.28046875 0.05390625 0.1125
0 0.26484375 0.4734375 0.06171875 0.1015625
0 0.2078125 0.5546875 0.0640625 0.11484375
0 0.3421875 0.5203125 0.05625 0.10390625
0 0.425 0.42890625 0.05390625 0.10390625
0 0.5453125 0.26328125 0.05390625 0.09921875
0 0.50078125 0.21953125 0.05390625 0.1015625
0 0.840625 0.2703125 0.065625 0.11796875
0 0.72734375 0.24609375 0.06171875 0.10703125
0 0.66875 0.28046875 0.06171875 0.1125
0 0.6046875 0.28984375 0.065625 0.10390625